0,474
33,2
27,1
27,3
25,4
25,1
25,3
24,4
24,1
24,3
0,433
0,432
30,5
30,1
30,3
34,5
0,417
0,412
0,404
0,398
0,397
58,35
33,66
33,9
33,5
33,65
3,2
3,1
3,3
10,249
10,280
10,65
10,171
10,19
10,82
10,9
10,235
11,8
11,24
11,13
11,20
11,4
11,2
9,7
9,2
9,3
8,9
8,2
8,3
0,318
12,1
12,3
35,34
35,33
35,32
35,31
35,30
35,29
35,28
35,27
35,26
35,25
35,24
35,23
35,22
35,21
35,20
35,19
35,18
35,8
35,5
35,4
35,3
35,1
34,4
34,3
34,1
33,351
33,350
33,349
33,348
33,347
33,346
33,345
33,344
33,343
33,342
33,341
33,340
33,339
33,338
33,337
33,336
33,335
33,127
33,126
33,125
33,124
33,123
33,122
33,121
33,120
33,119
33,118
33,117
33,116
33,115
33,114
33,113
33,112
33,111
33,110
33,109
33,108
33,107
33,106
33,105
33,104
33,103
33,102
33,101
33,100
33,99
33,98
33,97
33,96
